0.100 0.286 0.100 0.000 0.100 0.100 0.100 0.215
0.116 0.127 0.117 0.117 0.117 0.141 0.000 0.266
0.141 0.328 0.167 0.067 0.002 0.153 0.000 0.141
0.126 0.151 0.150 0.119 0.126 0.126 0.075 0.126
0.239 0.000 0.121 0.121 0.124 0.121 0.121 0.152
0.173 0.173 0.000 0.000 0.000 0.481 0.173 0.000
0.000 0.000 0.134 0.134 0.000 0.464 0.134 0.134
0.125 0.125 0.125 0.125 0.125 0.125 0.125 0.125
0.091 0.000 0.000 0.728 0.091 0.091 0.000 0.000
0.140 0.140 0.300 0.140 0.000 0.140 0.000 0.140
0.130 0.130 0.000 0.480 0.130 0.000 0.130 0.000
0.125 0.125 0.125 0.125 0.125 0.125 0.125 0.125
0.106 0.106 0.106 0.106 0.366 0.106 0.000 0.106
0.125 0.125 0.125 0.125 0.125 0.125 0.125 0.125
0.125 0.125 0.125 0.125 0.125 0.125 0.125 0.125
0.125 0.125 0.125 0.125 0.125 0.125 0.125 0.125