0.001 0.000 0.000 0.000 0.000 0.000 0.000 0.998
0.000 0.007 0.020 0.000 0.010 0.007 0.000 0.956
0.000 0.000 0.000 0.952 0.047 0.000 0.000 0.000
0.001 0.000 0.011 0.405 0.187 0.381 0.005 0.010
0.001 0.000 0.001 0.003 0.994 0.000 0.000 0.000
0.002 0.207 0.272 0.199 0.231 0.039 0.013 0.038
0.111 0.115 0.135 0.227 0.183 0.218 0.000 0.010
0.240 0.045 0.036 0.378 0.250 0.008 0.027 0.017
0.048 0.934 0.016 0.000 0.001 0.000 0.000 0.001
0.458 0.144 0.204 0.014 0.083 0.010 0.001 0.085
0.349 0.086 0.011 0.054 0.036 0.321 0.030 0.112
0.184 0.075 0.098 0.120 0.256 0.173 0.025 0.068
0.128 0.008 0.127 0.003 0.009 0.187 0.344 0.193
0.315 0.005 0.299 0.228 0.010 0.075 0.031 0.037
0.010 0.122 0.252 0.092 0.256 0.144 0.066 0.059
0.137 0.101 0.098 0.089 0.148 0.142 0.146 0.139