0.000 0.000 0.000 0.000 0.000 0.000 0.000 1.000
0.000 0.002 0.008 0.005 0.013 0.012 0.005 0.954
0.000 0.000 0.000 0.997 0.001 0.002 0.000 0.000
0.029 0.041 0.025 0.280 0.306 0.295 0.011 0.012
0.000 0.002 0.000 0.001 0.994 0.001 0.001 0.001
0.017 0.013 0.099 0.113 0.360 0.377 0.015 0.005
0.044 0.086 0.000 0.368 0.244 0.231 0.006 0.020
0.003 0.083 0.239 0.060 0.104 0.199 0.111 0.201
0.402 0.536 0.056 0.000 0.000 0.001 0.004 0.000
0.388 0.406 0.007 0.000 0.064 0.064 0.042 0.028
0.254 0.288 0.001 0.000 0.194 0.070 0.179 0.014
0.241 0.000 0.032 0.006 0.145 0.241 0.100 0.235
0.006 0.003 0.072 0.073 0.026 0.334 0.173 0.313
0.066 0.266 0.169 0.000 0.069 0.057 0.222 0.150
0.063 0.042 0.184 0.158 0.162 0.009 0.211 0.170
0.011 0.167 0.186 0.003 0.193 0.202 0.019 0.220