0.160 0.072 0.108 0.140 0.176 0.125 0.102 0.118
0.103 0.142 0.143 0.043 0.147 0.094 0.318 0.011
0.132 0.162 0.105 0.160 0.088 0.085 0.145 0.123
0.095 0.037 0.014 0.089 0.081 0.269 0.133 0.283
0.012 0.255 0.110 0.140 0.001 0.172 0.173 0.136
0.140 0.309 0.032 0.238 0.195 0.004 0.036 0.047
0.299 0.032 0.018 0.063 0.166 0.062 0.330 0.030
0.226 0.044 0.025 0.214 0.121 0.008 0.323 0.039
0.166 0.104 0.196 0.149 0.009 0.115 0.157 0.104
0.005 0.050 0.100 0.211 0.185 0.228 0.079 0.142
0.077 0.048 0.106 0.030 0.022 0.336 0.151 0.230
0.010 0.185 0.172 0.135 0.067 0.133 0.114 0.184
0.137 0.121 0.233 0.182 0.006 0.143 0.162 0.016
0.070 0.099 0.098 0.172 0.177 0.231 0.001 0.154
0.036 0.261 0.072 0.132 0.053 0.011 0.305 0.131
0.116 0.041 0.131 0.100 0.045 0.224 0.142 0.201