0.853 0.000 0.037 0.037 0.000 0.037 0.000 0.037
0.050 0.000 0.000 0.800 0.050 0.000 0.050 0.050
0.000 0.053 0.053 0.000 0.000 0.053 0.842 0.000
0.086 0.000 0.086 0.566 0.086 0.086 0.086 0.002
1.000 0.000 0.000 0.000 0.000 0.000 0.000 0.000
0.000 0.052 0.052 0.000 0.000 0.839 0.003 0.052
0.050 0.000 0.799 0.050 0.000 0.050 0.050 0.000
0.125 0.125 0.125 0.125 0.125 0.125 0.125 0.125
0.048 0.000 0.048 0.048 0.762 0.048 0.048 0.000
0.048 0.048 0.048 0.762 0.000 0.048 0.048 0.000
0.056 0.000 0.056 0.408 0.056 0.056 0.036 0.330
0.125 0.125 0.125 0.125 0.125 0.125 0.125 0.125
0.543 0.076 0.076 0.076 0.076 0.000 0.076 0.076
0.073 0.564 0.073 0.073 0.073 0.000 0.073 0.073
0.125 0.125 0.125 0.125 0.125 0.125 0.125 0.125
0.125 0.125 0.125 0.125 0.125 0.125 0.125 0.125